<xml>
<path d="M  213 112
c  -45 0 -69 -34 -69 -88
c  0 -102 89 -136 134 -136
s  69 34 69 88
c  0 102 -89 136 -134 136
z 
M  245 136
c  144 0 246 -65 246 -136
s  -102 -136 -246 -136
s  -245 65 -245 136
s  101 136 245 136
z" class="relative"/>
<path d="M  314 65
c  0 23 -19 41 -42 41
c  -39 0 -204 -110 -231 -143
c  -7 -8 -10 -18 -10 -28
c  0 -23 19 -41 42 -41
c  39 0 203 110 230 143
c  7 8 11 18 11 28
z 
M  262 136
c  41 0 82 -14 82 -71
c  0 -26 -16 -112 -74 -151
c  -25 -17 -87 -50 -187 -50
c  -41 0 -83 14 -83 71
c  0 26 16 112 74 151
c  25 17 88 50 188 50
z" class="relative"/>
<path d="M  218 136
c  66 0 108 -36 108 -89
c  0 -89 -113 -183 -218 -183
c  -66 0 -108 36 -108 89
c  0 89 113 183 218 183
z" class="relative"/>
<path d="M  218 136
c  66 0 108 -36 108 -89
c  0 -89 -113 -183 -218 -183
c  -66 0 -108 36 -108 89
c  0 89 113 183 218 183
z" class="relative"/>
<path d="M 
l  0 -250
l  0 250
z 
M  0 0
c  0 -197 207 -336 207 -533
c  0 -71 -15 -141 -41 -207
c  -5 -8 -13 -12 -20 -12
c  -13 0 -26 11 -23 27
c  26 61 42 126 42 192
c  0 103 -94 208 -165 283
l  0 250
z" class="relative"/>
<path d="M  218 136
c  66 0 108 -36 108 -89
c  0 -89 -113 -183 -218 -183
c  -66 0 -108 36 -108 89
c  0 89 113 183 218 183
z" class="relative"/>
<path d="M  0 0
c  0 -177 201 -293 201 -470
c  0 -33 -9 -65 -23 -95
c  18 -37 29 -75 29 -117
c  0 -63 -15 -125 -41 -183
c  -5 -8 -13 -12 -20 -12
c  -13 0 -26 11 -23 27
c  26 52 42 110 42 168
c  0 97 -94 190 -165 257
l  0 -75
l  0 500
z 
M  151 -517
c  5 15 8 31 8 47
c  0 96 -91 190 -159 257
c  0 -118 90 -206 151 -304
z" class="relative"/>
<path d="M  213 112
C  168 112 144 78 144 24
C  144 -78 233 -112 278 -112
C  323 -112 347 -78 347 -24
C  347 78 258 112 213 112
z 
M  245 136
C  602 248 704 183 704 112
C  704 41 602 -24 458 -24
C  314 -24 213 41 213 112
C  213 183 314 248 458 248
z" class="absolute"/>
<path d="M  314 65
C  314 88 295 106 272 106
C  233 106 68 -4 41 -37
C  34 -45 31 -55 31 -65
C  31 -88 50 -106 73 -106
C  112 -106 276 4 303 37
C  310 45 314 55 314 65
z 
M  262 136
C  617 201 658 187 658 130
C  658 104 642 18 584 -21
C  559 -38 497 -71 397 -71
C  356 -71 314 -57 314 0
C  314 26 330 112 388 151
C  413 168 476 201 576 201
z" class="absolute"/>
<path d="M  218 136
C  284 136 326 100 326 47
C  326 -42 213 -136 108 -136
C  42 -136 0 -100 0 -47
C  0 42 113 136 218 136
z" class="absolute"/>
<path d="M  218 136
C  284 136 326 100 326 47
C  326 -42 213 -136 108 -136
C  42 -136 0 -100 0 -47
C  0 42 113 136 218 136
z" class="absolute"/>
<path d="M 
L  0 -250
L  0 0
z 
M  0 0
C  0 -197 207 -336 207 -533
C  207 -604 192 -674 166 -740
C  161 -748 153 -752 146 -752
C  133 -752 120 -741 123 -725
C  149 -664 165 -599 165 -533
C  165 -430 71 -325 0 -250
L  0 0
z" class="absolute"/>
<path d="M  218 136
C  284 136 326 100 326 47
C  326 -42 213 -136 108 -136
C  42 -136 0 -100 0 -47
C  0 42 113 136 218 136
z" class="absolute"/>
<path d="M  0 0
C  0 -177 201 -293 201 -470
C  201 -503 192 -535 178 -565
C  196 -602 207 -640 207 -682
C  207 -745 192 -807 166 -865
C  161 -873 153 -877 146 -877
C  133 -877 120 -866 123 -850
C  149 -798 165 -740 165 -682
C  165 -585 71 -492 0 -425
L  0 -500
L  0 0
z 
M  151 -517
C  156 -502 159 -486 159 -470
C  159 -374 68 -280 0 -213
C  0 -331 90 -419 151 -517
z" class="absolute"/>
</xml>
